0.0000000E+00   1.0000000E+00   1.0000000E+00   0.0000000E+00
2.0040080E-03   1.0000000E+00   1.0000000E+00   0.0000000E+00
4.0080161E-03   1.0000000E+00   1.0000000E+00   0.0000000E+00
6.0120244E-03   1.0000000E+00   1.0000000E+00   0.0000000E+00
8.0160322E-03   1.0000000E+00   1.0000000E+00   0.0000000E+00
1.0020040E-02   1.0000000E+00   1.0000000E+00   0.0000000E+00
1.2024049E-02   1.0000000E+00   1.0000000E+00   0.0000000E+00
1.4028057E-02   1.0000000E+00   1.0000000E+00   0.0000000E+00
1.6032064E-02   1.0000000E+00   1.0000000E+00   0.0000000E+00
1.8036073E-02   1.0000000E+00   1.0000000E+00   0.0000000E+00
2.0040080E-02   1.0000000E+00   1.0000000E+00   0.0000000E+00
2.2044089E-02   1.0000000E+00   1.0000000E+00   0.0000000E+00
2.4048097E-02   1.0000000E+00   1.0000000E+00   0.0000000E+00
2.6052104E-02   1.0000000E+00   1.0000000E+00   0.0000000E+00
2.8056113E-02   1.0000000E+00   1.0000000E+00   0.0000000E+00
3.0060120E-02   1.0000000E+00   1.0000000E+00   0.0000000E+00
3.2064129E-02   1.0000000E+00   1.0000000E+00   0.0000000E+00
3.4068137E-02   1.0000000E+00   1.0000000E+00   0.0000000E+00
3.6072146E-02   1.0000000E+00   1.0000000E+00   0.0000000E+00
3.8076151E-02   1.0000000E+00   1.0000000E+00   0.0000000E+00
4.0080160E-02   1.0000000E+00   1.0000000E+00   0.0000000E+00
4.2084169E-02   1.0000000E+00   1.0000000E+00   0.0000000E+00
4.4088177E-02   1.0000000E+00   1.0000000E+00   0.0000000E+00
4.6092186E-02   1.0000000E+00   1.0000000E+00   0.0000000E+00
4.8096195E-02   1.0000000E+00   1.0000000E+00   0.0000000E+00
5.0100200E-02   1.0000000E+00   1.0000000E+00   0.0000000E+00
5.2104209E-02   1.0000000E+00   1.0000000E+00   0.0000000E+00
5.4108217E-02   1.0000000E+00   1.0000000E+00   0.0000000E+00
5.6112226E-02   1.0000000E+00   1.0000000E+00   0.0000000E+00
5.8116235E-02   1.0000000E+00   1.0000000E+00   0.0000000E+00
6.0120240E-02   1.0000000E+00   1.0000000E+00   0.0000000E+00
6.2124249E-02   1.0000000E+00   1.0000000E+00   0.0000000E+00
6.4128257E-02   1.0000000E+00   1.0000000E+00   0.0000000E+00
6.6132262E-02   1.0000000E+00   1.0000000E+00   0.0000000E+00
6.8136275E-02   1.0000000E+00   1.0000000E+00   0.0000000E+00
7.0140280E-02   1.0000000E+00   1.0000000E+00   0.0000000E+00
7.2144292E-02   1.0000000E+00   1.0000000E+00   0.0000000E+00
7.4148297E-02   1.0000000E+00   1.0000000E+00   0.0000000E+00
7.6152302E-02   1.0000000E+00   1.0000000E+00   0.0000000E+00
7.8156315E-02   1.0000000E+00   1.0000000E+00   0.0000000E+00
8.0160320E-02   1.0000000E+00   1.0000000E+00   0.0000000E+00
8.2164332E-02   1.0000000E+00   1.0000000E+00   0.0000000E+00
8.4168337E-02   1.0000000E+00   1.0000000E+00   0.0000000E+00
8.6172342E-02   1.0000000E+00   1.0000000E+00   0.0000000E+00
8.8176355E-02   1.0000000E+00   1.0000000E+00   0.0000000E+00
9.0180360E-02   1.0000000E+00   1.0000000E+00   0.0000000E+00
9.2184372E-02   1.0000000E+00   1.0000000E+00   0.0000000E+00
9.4188377E-02   1.0000000E+00   1.0000000E+00   0.0000000E+00
9.6192390E-02   1.0000000E+00   1.0000000E+00   0.0000000E+00
9.8196395E-02   1.0000000E+00   1.0000000E+00   0.0000000E+00
1.0020040E-01   1.0000000E+00   1.0000000E+00   0.0000000E+00
1.0220441E-01   1.0000000E+00   1.0000000E+00   0.0000000E+00
1.0420842E-01   1.0000000E+00   1.0000000E+00   0.0000000E+00
1.0621243E-01   1.0000000E+00   1.0000000E+00   0.0000000E+00
1.0821643E-01   1.0000000E+00   1.0000000E+00   0.0000000E+00
1.1022044E-01   1.0000000E+00   1.0000000E+00   0.0000000E+00
1.1222445E-01   1.0000000E+00   1.0000000E+00   0.0000000E+00
1.1422846E-01   1.0000000E+00   1.0000000E+00   0.0000000E+00
1.1623247E-01   1.0000000E+00   1.0000000E+00   0.0000000E+00
1.1823647E-01   1.0000000E+00   1.0000000E+00   0.0000000E+00
1.2024048E-01   1.0000000E+00   1.0000000E+00   0.0000000E+00
1.2224449E-01   1.0000000E+00   1.0000000E+00   0.0000000E+00
1.2424850E-01   1.0000000E+00   1.0000000E+00   0.0000000E+00
1.2625250E-01   1.0000000E+00   1.0000000E+00   0.0000000E+00
1.2825651E-01   1.0000000E+00   1.0000000E+00   0.0000000E+00
1.3026053E-01   1.0000000E+00   1.0000000E+00   0.0000000E+00
1.3226452E-01   1.0000000E+00   1.0000000E+00   0.0000000E+00
1.3426854E-01   1.0000000E+00   1.0000000E+00   0.0000000E+00
1.3627255E-01   1.0000000E+00   1.0000000E+00   0.0000000E+00
1.3827656E-01   1.0000000E+00   1.0000000E+00   0.0000000E+00
1.4028056E-01   1.0000000E+00   1.0000000E+00   0.0000000E+00
1.4228457E-01   1.0000000E+00   1.0000000E+00   0.0000000E+00
1.4428858E-01   1.0000000E+00   1.0000000E+00   0.0000000E+00
1.4629258E-01   1.0000000E+00   1.0000000E+00   0.0000000E+00
1.4829659E-01   1.0000000E+00   1.0000000E+00   0.0000000E+00
1.5030061E-01   1.0000000E+00   1.0000000E+00   0.0000000E+00
1.5230460E-01   1.0000000E+00   1.0000000E+00   0.0000000E+00
1.5430862E-01   1.0000000E+00   1.0000000E+00   0.0000000E+00
1.5631263E-01   1.0000000E+00   1.0000000E+00   0.0000000E+00
1.5831664E-01   1.0000000E+00   1.0000000E+00   0.0000000E+00
1.6032064E-01   1.0000000E+00   1.0000000E+00   0.0000000E+00
1.6232465E-01   1.0000000E+00   1.0000000E+00   0.0000000E+00
1.6432866E-01   1.0000000E+00   1.0000000E+00   0.0000000E+00
1.6633266E-01   1.0000000E+00   1.0000000E+00   0.0000000E+00
1.6833667E-01   1.0000000E+00   1.0000000E+00   0.0000000E+00
1.7034069E-01   1.0000000E+00   1.0000000E+00   0.0000000E+00
1.7234468E-01   1.0000000E+00   1.0000000E+00   0.0000000E+00
1.7434870E-01   1.0000000E+00   1.0000000E+00   0.0000000E+00
1.7635271E-01   1.0000000E+00   1.0000000E+00   0.0000000E+00
1.7835672E-01   1.0000000E+00   1.0000000E+00   0.0000000E+00
1.8036072E-01   1.0000000E+00   1.0000000E+00   0.0000000E+00
1.8236473E-01   1.0000000E+00   1.0000000E+00   0.0000000E+00
1.8436874E-01   1.0000000E+00   1.0000000E+00   0.0000000E+00
1.8637274E-01   1.0000000E+00   1.0000000E+00   0.0000000E+00
1.8837675E-01   1.0000000E+00   1.0000000E+00   0.0000000E+00
1.9038077E-01   1.0000000E+00   1.0000000E+00   0.0000000E+00
1.9238478E-01   1.0000000E+00   1.0000000E+00   0.0000000E+00
1.9438878E-01   1.0000000E+00   1.0000000E+00   0.0000000E+00
1.9639279E-01   1.0000000E+00   1.0000000E+00   0.0000000E+00
1.9839680E-01   1.0000000E+00   1.0000000E+00   0.0000000E+00
2.0040080E-01   1.0000000E+00   1.0000000E+00   0.0000000E+00
2.0240481E-01   1.0000000E+00   1.0000000E+00   0.0000000E+00
2.0440882E-01   1.0000000E+00   1.0000000E+00   0.0000000E+00
2.0641282E-01   1.0000000E+00   1.0000000E+00   0.0000000E+00
2.0841683E-01   1.0000000E+00   1.0000000E+00   0.0000000E+00
2.1042085E-01   1.0000000E+00   1.0000000E+00   0.0000000E+00
2.1242486E-01   1.0000000E+00   1.0000000E+00   0.0000000E+00
2.1442886E-01   1.0000000E+00   1.0000000E+00   0.0000000E+00
2.1643287E-01   1.0000000E+00   1.0000000E+00   0.0000000E+00
2.1843688E-01   1.0000000E+00   1.0000000E+00   0.0000000E+00
2.2044088E-01   1.0000000E+00   1.0000000E+00   0.0000000E+00
2.2244489E-01   1.0000000E+00   1.0000000E+00   0.0000000E+00
2.2444890E-01   1.0000000E+00   1.0000000E+00   0.0000000E+00
2.2645290E-01   1.0000000E+00   1.0000000E+00   0.0000000E+00
2.2845691E-01   1.0000000E+00   1.0000000E+00   0.0000000E+00
2.3046093E-01   1.0000000E+00   1.0000000E+00   0.0000000E+00
2.3246494E-01   1.0000000E+00   1.0000000E+00   0.0000000E+00
2.3446894E-01   1.0000000E+00   1.0000000E+00   0.0000000E+00
2.3647295E-01   1.0000000E+00   1.0000000E+00   0.0000000E+00
2.3847696E-01   1.0000000E+00   1.0000000E+00   0.0000000E+00
2.4048096E-01   1.0000000E+00   1.0000000E+00   0.0000000E+00
2.4248497E-01   1.0000000E+00   1.0000000E+00   0.0000000E+00
2.4448898E-01   1.0000000E+00   1.0000000E+00   0.0000000E+00
2.4649298E-01   1.0000000E+00   1.0000000E+00   0.0000000E+00
2.4849699E-01   1.0000000E+00   1.0000000E+00   0.0000000E+00
2.5050101E-01   1.0000000E+00   1.0000000E+00   0.0000000E+00
2.5250500E-01   1.0000000E+00   1.0000000E+00   0.0000000E+00
2.5450903E-01   1.0000000E+00   1.0000000E+00   0.0000000E+00
2.5651303E-01   1.0000000E+00   1.0000000E+00   0.0000000E+00
2.5851703E-01   1.0000000E+00   1.0000000E+00   0.0000000E+00
2.6052105E-01   1.0000000E+00   1.0000000E+00   0.0000000E+00
2.6252505E-01   1.0000000E+00   1.0000000E+00   0.0000000E+00
2.6452905E-01   9.9587858E-01   9.9423480E-01   4.8844018E-03
2.6653308E-01   9.8886484E-01   9.8444557E-01   1.3234516E-02
2.6853707E-01   9.8189032E-01   9.7473860E-01   2.1584431E-02
2.7054107E-01   9.7495556E-01   9.6511424E-01   2.9934445E-02
2.7254510E-01   9.6805966E-01   9.5557106E-01   3.8284559E-02
2.7454910E-01   9.6120322E-01   9.4610929E-01   4.6634573E-02
2.7655312E-01   9.5438534E-01   9.3672752E-01   5.4984689E-02
2.7855712E-01   9.4760621E-01   9.2742556E-01   6.3334703E-02
2.8056112E-01   9.4086599E-01   9.1820335E-01   7.1684614E-02
2.8256515E-01   9.3416381E-01   9.0905941E-01   8.0034733E-02
2.8456914E-01   9.2750025E-01   8.9999402E-01   8.8384748E-02
2.8657314E-01   9.2087442E-01   8.9100587E-01   9.6734762E-02
2.8857717E-01   9.1428655E-01   8.8209480E-01   1.0508487E-01
2.9058117E-01   9.0773666E-01   8.7326056E-01   1.1343489E-01
2.9258516E-01   9.0122414E-01   8.6450189E-01   1.2178481E-01
2.9458919E-01   8.9474934E-01   8.5581905E-01   1.3013491E-01
2.9659319E-01   8.8831151E-01   8.4721065E-01   1.3848493E-01
2.9859719E-01   8.8191104E-01   8.3867693E-01   1.4683494E-01
3.0060121E-01   8.7554729E-01   8.3021665E-01   1.5518506E-01
3.0260521E-01   8.6922032E-01   8.2182968E-01   1.6353503E-01
3.0460921E-01   8.6293018E-01   8.1351572E-01   1.7188504E-01
3.0661324E-01   8.5667634E-01   8.0527365E-01   1.8023515E-01
3.0861723E-01   8.5045904E-01   7.9710358E-01   1.8858512E-01
3.1062123E-01   8.4427762E-01   7.8900433E-01   1.9693513E-01
3.1262526E-01   8.3813220E-01   7.8097570E-01   2.0528525E-01
3.1462926E-01   8.3202285E-01   7.7301759E-01   2.1363521E-01
3.1663328E-01   8.2594895E-01   7.6512873E-01   2.2198533E-01
3.1863728E-01   8.1991082E-01   7.5730926E-01   2.3033534E-01
3.2064128E-01   8.1390780E-01   7.4955809E-01   2.3868531E-01
3.2264531E-01   8.0794001E-01   7.4187505E-01   2.4703541E-01
3.2464930E-01   8.0200750E-01   7.3425990E-01   2.5538543E-01
3.2665330E-01   7.9610991E-01   7.2671181E-01   2.6373538E-01
3.2865733E-01   7.9024678E-01   7.1923006E-01   2.7208552E-01
3.3066133E-01   7.8441828E-01   7.1181446E-01   2.8043553E-01
3.3266532E-01   7.7862448E-01   7.0446479E-01   2.8878549E-01
3.3466935E-01   7.7286470E-01   6.9717991E-01   2.9713559E-01
3.3667335E-01   7.6713908E-01   6.8995976E-01   3.0548561E-01
3.3867735E-01   7.6144767E-01   6.8280405E-01   3.1383559E-01
3.4068137E-01   7.5578982E-01   6.7571175E-01   3.2218570E-01
3.4268537E-01   7.5016594E-01   6.6868299E-01   3.3053571E-01
3.4468937E-01   7.4457532E-01   6.6171670E-01   3.3888566E-01
3.4669340E-01   7.3901832E-01   6.5481299E-01   3.4723580E-01
3.4869739E-01   7.3349428E-01   6.4797086E-01   3.5558581E-01
3.5070142E-01   7.2800338E-01   6.4119005E-01   3.6393592E-01
3.5270542E-01   7.2254562E-01   6.3447046E-01   3.7228587E-01
3.5470942E-01   7.1712047E-01   6.2781107E-01   3.8063589E-01
3.5671344E-01   7.1172810E-01   6.2121195E-01   3.8898602E-01
3.5871744E-01   7.0636803E-01   6.1467206E-01   3.9733598E-01
3.6072144E-01   7.0104033E-01   6.0819131E-01   4.0568599E-01
3.6272547E-01   6.9574499E-01   6.0176945E-01   4.1403610E-01
3.6472946E-01   6.9048154E-01   5.9540558E-01   4.2238608E-01
3.6673346E-01   6.8525016E-01   5.8909971E-01   4.3073609E-01
3.6873749E-01   6.8005031E-01   5.8285087E-01   4.3908620E-01
3.7074149E-01   6.7488229E-01   5.7665926E-01   4.4743615E-01
3.7274548E-01   6.6974556E-01   5.7052386E-01   4.5578617E-01
3.7474951E-01   6.6464019E-01   5.6444448E-01   4.6413630E-01
3.7675351E-01   6.5956616E-01   5.5842096E-01   4.7248626E-01
3.7875751E-01   6.5452296E-01   5.5245233E-01   4.8083627E-01
3.8076153E-01   6.4951062E-01   5.4653853E-01   4.8918638E-01
3.8276553E-01   6.4452928E-01   5.4067928E-01   4.9753636E-01
3.8476956E-01   6.3957834E-01   5.3487372E-01   5.0588644E-01
3.8677356E-01   6.3465810E-01   5.2912194E-01   5.1423645E-01
3.8877755E-01   6.2976795E-01   5.2342296E-01   5.2258646E-01
3.9078158E-01   6.2490821E-01   5.1777697E-01   5.3093654E-01
3.9278558E-01   6.2007833E-01   5.1218301E-01   5.3928655E-01
3.9478958E-01   6.1527854E-01   5.0664121E-01   5.4763651E-01
3.9679360E-01   6.1050832E-01   5.0115055E-01   5.5598664E-01
3.9879760E-01   6.0576773E-01   4.9571109E-01   5.6433666E-01
4.0080160E-01   6.0105681E-01   4.9032244E-01   5.7268661E-01
4.0280563E-01   5.9637511E-01   4.8498389E-01   5.8103675E-01
4.0480962E-01   5.9172279E-01   4.7969547E-01   5.8938670E-01
4.0681362E-01   5.8709931E-01   4.7445631E-01   5.9773672E-01
4.0881765E-01   5.8250487E-01   4.6926630E-01   6.0608685E-01
4.1082165E-01   5.7793933E-01   4.6412525E-01   6.1443686E-01
4.1282564E-01   5.7340252E-01   4.5903254E-01   6.2278682E-01
4.1482967E-01   5.6889403E-01   4.5398757E-01   6.3113695E-01
4.1683367E-01   5.6441402E-01   4.4899026E-01   6.3948691E-01
4.1883767E-01   5.5996239E-01   4.4404036E-01   6.4783692E-01
4.2084169E-01   5.5553871E-01   4.3913704E-01   6.5618700E-01
4.2284569E-01   5.5114323E-01   4.3428046E-01   6.6453701E-01
4.2484972E-01   5.4677546E-01   4.2946982E-01   6.7288715E-01
4.2685372E-01   5.4243541E-01   4.2470488E-01   6.8123710E-01
4.2885771E-01   5.3812307E-01   4.1998550E-01   6.8958706E-01
4.3086174E-01   5.3383815E-01   4.1531101E-01   6.9793719E-01
4.3286574E-01   5.2958065E-01   4.1068137E-01   7.0628721E-01
4.3486974E-01   5.2535027E-01   4.0609583E-01   7.1463722E-01
4.3687376E-01   5.2114689E-01   4.0155423E-01   7.2298735E-01
4.3887776E-01   5.1697063E-01   3.9705640E-01   7.3133731E-01
4.4088176E-01   5.1282102E-01   3.9260170E-01   7.3968726E-01
4.4288579E-01   5.0869828E-01   3.8819006E-01   7.4803740E-01
4.4488978E-01   5.0460196E-01   3.8382080E-01   7.5638741E-01
4.4689378E-01   5.0053203E-01   3.7949377E-01   7.6473743E-01
4.4889781E-01   4.9648860E-01   3.7520880E-01   7.7308750E-01
4.5090181E-01   4.9247116E-01   3.7096515E-01   7.8143752E-01
4.5290580E-01   4.8847994E-01   3.6676294E-01   7.8978747E-01
4.5490983E-01   4.8451447E-01   3.6260140E-01   7.9813755E-01
4.5691383E-01   4.8057497E-01   3.5848057E-01   8.0648756E-01
4.5891786E-01   4.7666097E-01   3.5439980E-01   8.1483769E-01
4.6092185E-01   4.7277248E-01   3.5035884E-01   8.2318771E-01
4.6292585E-01   4.6890962E-01   3.4635767E-01   8.3153766E-01
4.6492988E-01   4.6507186E-01   3.4239554E-01   8.3988786E-01
4.6693388E-01   4.6125931E-01   3.3847237E-01   8.4823775E-01
4.6893787E-01   4.5747191E-01   3.3458790E-01   8.5658777E-01
4.7094190E-01   4.5370933E-01   3.3074158E-01   8.6493790E-01
4.7294590E-01   4.4997165E-01   3.2693332E-01   8.7328792E-01
4.7494990E-01   4.4625849E-01   3.2316262E-01   8.8163793E-01
4.7695392E-01   4.4257003E-01   3.1942937E-01   8.8998795E-01
4.7895792E-01   4.3890589E-01   3.1573302E-01   8.9833796E-01
4.8096192E-01   4.3526623E-01   3.1207356E-01   9.0668797E-01
4.8296595E-01   4.3165055E-01   3.0845034E-01   9.1503805E-01
4.8496994E-01   4.2805892E-01   3.0486321E-01   9.2338806E-01
4.8697394E-01   4.2631939E-01   3.0313015E-01   9.2745250E-01
4.8897797E-01   4.2631939E-01   3.0313015E-01   9.2745250E-01
4.9098197E-01   4.2631939E-01   3.0313015E-01   9.2745250E-01
4.9298596E-01   4.2631939E-01   3.0313015E-01   9.2745250E-01
4.9498999E-01   4.2631939E-01   3.0313015E-01   9.2745250E-01
4.9699399E-01   4.2631939E-01   3.0313015E-01   9.2745250E-01
4.9899802E-01   4.2631939E-01   3.0313015E-01   9.2745250E-01
5.0100201E-01   4.2631939E-01   3.0313015E-01   9.2745250E-01
5.0300604E-01   4.2631939E-01   3.0313015E-01   9.2745250E-01
5.0501001E-01   4.2631939E-01   3.0313015E-01   9.2745250E-01
5.0701404E-01   4.2631939E-01   3.0313015E-01   9.2745250E-01
5.0901806E-01   4.2631939E-01   3.0313015E-01   9.2745250E-01
5.1102203E-01   4.2631939E-01   3.0313015E-01   9.2745250E-01
5.1302606E-01   4.2631939E-01   3.0313015E-01   9.2745250E-01
5.1503009E-01   4.2631939E-01   3.0313015E-01   9.2745250E-01
5.1703405E-01   4.2631939E-01   3.0313015E-01   9.2745250E-01
5.1903808E-01   4.2631939E-01   3.0313015E-01   9.2745250E-01
5.2104211E-01   4.2631939E-01   3.0313015E-01   9.2745250E-01
5.2304608E-01   4.2631939E-01   3.0313015E-01   9.2745250E-01
5.2505010E-01   4.2631939E-01   3.0313015E-01   9.2745250E-01
5.2705413E-01   4.2631939E-01   3.0313015E-01   9.2745250E-01
5.2905810E-01   4.2631939E-01   3.0313015E-01   9.2745250E-01
5.3106213E-01   4.2631939E-01   3.0313015E-01   9.2745250E-01
5.3306615E-01   4.2631939E-01   3.0313015E-01   9.2745250E-01
5.3507012E-01   4.2631939E-01   3.0313015E-01   9.2745250E-01
5.3707415E-01   4.2631939E-01   3.0313015E-01   9.2745250E-01
5.3907818E-01   4.2631939E-01   3.0313015E-01   9.2745250E-01
5.4108214E-01   4.2631939E-01   3.0313015E-01   9.2745250E-01
5.4308617E-01   4.2631939E-01   3.0313015E-01   9.2745250E-01
5.4509020E-01   4.2631939E-01   3.0313015E-01   9.2745250E-01
5.4709417E-01   4.2631939E-01   3.0313015E-01   9.2745250E-01
5.4909819E-01   4.2631939E-01   3.0313015E-01   9.2745250E-01
5.5110222E-01   4.2631939E-01   3.0313015E-01   9.2745250E-01
5.5310625E-01   4.2631939E-01   3.0313015E-01   9.2745250E-01
5.5511022E-01   4.2631939E-01   3.0313015E-01   9.2745250E-01
5.5711424E-01   4.2631939E-01   3.0313015E-01   9.2745250E-01
5.5911827E-01   4.2631939E-01   3.0313015E-01   9.2745250E-01
5.6112224E-01   4.2631939E-01   3.0313015E-01   9.2745250E-01
5.6312627E-01   4.2631939E-01   3.0313015E-01   9.2745250E-01
5.6513029E-01   4.2631939E-01   3.0313015E-01   9.2745250E-01
5.6713426E-01   4.2631939E-01   3.0313015E-01   9.2745250E-01
5.6913829E-01   4.2631939E-01   3.0313015E-01   9.2745250E-01
5.7114232E-01   4.2631939E-01   3.0313015E-01   9.2745250E-01
5.7314628E-01   4.2631939E-01   3.0313015E-01   9.2745250E-01
5.7515031E-01   4.2631939E-01   3.0313015E-01   9.2745250E-01
5.7715434E-01   4.2631939E-01   3.0313015E-01   9.2745250E-01
5.7915831E-01   4.2631939E-01   3.0313015E-01   9.2745250E-01
5.8116233E-01   4.2631939E-01   3.0313015E-01   9.2745250E-01
5.8316636E-01   4.2631939E-01   3.0313015E-01   9.2745250E-01
5.8517033E-01   4.2631939E-01   3.0313015E-01   9.2745250E-01
5.8717436E-01   4.2631939E-01   3.0313015E-01   9.2745250E-01
5.8917838E-01   4.2631939E-01   3.0313015E-01   9.2745250E-01
5.9118235E-01   4.2631939E-01   3.0313015E-01   9.2745250E-01
5.9318638E-01   4.2631939E-01   3.0313015E-01   9.2745250E-01
5.9519041E-01   4.2631939E-01   3.0313015E-01   9.2745250E-01
5.9719437E-01   4.2631939E-01   3.0313015E-01   9.2745250E-01
5.9919840E-01   4.2631939E-01   3.0313015E-01   9.2745250E-01
6.0120243E-01   4.2631939E-01   3.0313015E-01   9.2745250E-01
6.0320640E-01   4.2631939E-01   3.0313015E-01   9.2745250E-01
6.0521042E-01   4.2631939E-01   3.0313015E-01   9.2745250E-01
6.0721445E-01   4.2631939E-01   3.0313015E-01   9.2745250E-01
6.0921842E-01   4.2631939E-01   3.0313015E-01   9.2745250E-01
6.1122245E-01   4.2631939E-01   3.0313015E-01   9.2745250E-01
6.1322647E-01   4.2631939E-01   3.0313015E-01   9.2745250E-01
6.1523044E-01   4.2631939E-01   3.0313015E-01   9.2745250E-01
6.1723447E-01   4.2631939E-01   3.0313015E-01   9.2745250E-01
6.1923850E-01   4.2631939E-01   3.0313015E-01   9.2745250E-01
6.2124246E-01   4.2631939E-01   3.0313015E-01   9.2745250E-01
6.2324649E-01   4.2631939E-01   3.0313015E-01   9.2745250E-01
6.2525052E-01   4.2631939E-01   3.0313015E-01   9.2745250E-01
6.2725455E-01   4.2631939E-01   3.0313015E-01   9.2745250E-01
6.2925851E-01   4.2631939E-01   3.0313015E-01   9.2745250E-01
6.3126254E-01   4.2631939E-01   3.0313015E-01   9.2745250E-01
6.3326657E-01   4.2631939E-01   3.0313015E-01   9.2745250E-01
6.3527054E-01   4.2631939E-01   3.0313015E-01   9.2745250E-01
6.3727456E-01   4.2631939E-01   3.0313015E-01   9.2745250E-01
6.3927859E-01   4.2631939E-01   3.0313015E-01   9.2745250E-01
6.4128256E-01   4.2631939E-01   3.0313015E-01   9.2745250E-01
6.4328659E-01   4.2631939E-01   3.0313015E-01   9.2745250E-01
6.4529061E-01   4.2631939E-01   3.0313015E-01   9.2745250E-01
6.4729458E-01   4.2631939E-01   3.0313015E-01   9.2745250E-01
6.4929861E-01   4.2631939E-01   3.0313015E-01   9.2745250E-01
6.5130264E-01   4.2631939E-01   3.0313015E-01   9.2745250E-01
6.5330660E-01   4.2631939E-01   3.0313015E-01   9.2745250E-01
6.5531063E-01   4.2631939E-01   3.0313015E-01   9.2745250E-01
6.5731466E-01   4.2631939E-01   3.0313015E-01   9.2745250E-01
6.5931863E-01   4.2631939E-01   3.0313015E-01   9.2745250E-01
6.6132265E-01   4.2631939E-01   3.0313015E-01   9.2745250E-01
6.6332668E-01   4.2631939E-01   3.0313015E-01   9.2745250E-01
6.6533065E-01   4.2631939E-01   3.0313015E-01   9.2745250E-01
6.6733468E-01   4.2631939E-01   3.0313015E-01   9.2745250E-01
6.6933870E-01   4.2631939E-01   3.0313015E-01   9.2745250E-01
6.7134267E-01   4.2631939E-01   3.0313015E-01   9.2745250E-01
6.7334670E-01   4.2631939E-01   3.0313015E-01   9.2745250E-01
6.7535073E-01   4.2631939E-01   3.0313015E-01   9.2745250E-01
6.7735469E-01   4.2631939E-01   3.0313015E-01   9.2745250E-01
6.7935872E-01   4.2631939E-01   3.0313015E-01   9.2745250E-01
6.8136275E-01   4.2631939E-01   3.0313015E-01   9.2745250E-01
6.8336672E-01   4.2631939E-01   3.0313015E-01   9.2745250E-01
6.8537074E-01   4.2631939E-01   3.0313015E-01   9.2745250E-01
6.8737477E-01   2.6557371E-01   3.0313015E-01   9.2745250E-01
6.8937874E-01   2.6557371E-01   3.0313015E-01   9.2745250E-01
6.9138277E-01   2.6557371E-01   3.0313015E-01   9.2745250E-01
6.9338679E-01   2.6557371E-01   3.0313015E-01   9.2745250E-01
6.9539076E-01   2.6557371E-01   3.0313015E-01   9.2745250E-01
6.9739479E-01   2.6557371E-01   3.0313015E-01   9.2745250E-01
6.9939882E-01   2.6557371E-01   3.0313015E-01   9.2745250E-01
7.0140284E-01   2.6557371E-01   3.0313015E-01   9.2745250E-01
7.0340681E-01   2.6557371E-01   3.0313015E-01   9.2745250E-01
7.0541084E-01   2.6557371E-01   3.0313015E-01   9.2745250E-01
7.0741487E-01   2.6557371E-01   3.0313015E-01   9.2745250E-01
7.0941883E-01   2.6557371E-01   3.0313015E-01   9.2745250E-01
7.1142286E-01   2.6557371E-01   3.0313015E-01   9.2745250E-01
7.1342689E-01   2.6557371E-01   3.0313015E-01   9.2745250E-01
7.1543086E-01   2.6557371E-01   3.0313015E-01   9.2745250E-01
7.1743488E-01   2.6557371E-01   3.0313015E-01   9.2745250E-01
7.1943891E-01   2.6557371E-01   3.0313015E-01   9.2745250E-01
7.2144288E-01   2.6557371E-01   3.0313015E-01   9.2745250E-01
7.2344691E-01   2.6557371E-01   3.0313015E-01   9.2745250E-01
7.2545093E-01   2.6557371E-01   3.0313015E-01   9.2745250E-01
7.2745490E-01   2.6557371E-01   3.0313015E-01   9.2745250E-01
7.2945893E-01   2.6557371E-01   3.0313015E-01   9.2745250E-01
7.3146296E-01   2.6557371E-01   3.0313015E-01   9.2745250E-01
7.3346692E-01   2.6557371E-01   3.0313015E-01   9.2745250E-01
7.3547095E-01   2.6557371E-01   3.0313015E-01   9.2745250E-01
7.3747498E-01   2.6557371E-01   3.0313015E-01   9.2745250E-01
7.3947895E-01   2.6557371E-01   3.0313015E-01   9.2745250E-01
7.4148297E-01   2.6557371E-01   3.0313015E-01   9.2745250E-01
7.4348700E-01   2.6557371E-01   3.0313015E-01   9.2745250E-01
7.4549097E-01   2.6557371E-01   3.0313015E-01   9.2745250E-01
7.4749500E-01   2.6557371E-01   3.0313015E-01   9.2745250E-01
7.4949902E-01   2.6557371E-01   3.0313015E-01   9.2745250E-01
7.5150299E-01   2.6557371E-01   3.0313015E-01   9.2745250E-01
7.5350702E-01   2.6557371E-01   3.0313015E-01   9.2745250E-01
7.5551105E-01   2.6557371E-01   3.0313015E-01   9.2745250E-01
7.5751501E-01   2.6557371E-01   3.0313015E-01   9.2745250E-01
7.5951904E-01   2.6557371E-01   3.0313015E-01   9.2745250E-01
7.6152307E-01   2.6557371E-01   3.0313015E-01   9.2745250E-01
7.6352704E-01   2.6557371E-01   3.0313015E-01   9.2745250E-01
7.6553106E-01   2.6557371E-01   3.0313015E-01   9.2745250E-01
7.6753509E-01   2.6557371E-01   3.0313015E-01   9.2745250E-01
7.6953912E-01   2.6557371E-01   3.0313015E-01   9.2745250E-01
7.7154309E-01   2.6557371E-01   3.0313015E-01   9.2745250E-01
7.7354711E-01   2.6557371E-01   3.0313015E-01   9.2745250E-01
7.7555114E-01   2.6557371E-01   3.0313015E-01   9.2745250E-01
7.7755511E-01   2.6557371E-01   3.0313015E-01   9.2745250E-01
7.7955914E-01   2.6557371E-01   3.0313015E-01   9.2745250E-01
7.8156316E-01   2.6557371E-01   3.0313015E-01   9.2745250E-01
7.8356713E-01   2.6557371E-01   3.0313015E-01   9.2745250E-01
7.8557116E-01   2.6557371E-01   3.0313015E-01   9.2745250E-01
7.8757519E-01   2.6557371E-01   3.0313015E-01   9.2745250E-01
7.8957915E-01   2.6557371E-01   3.0313015E-01   9.2745250E-01
7.9158318E-01   2.6557371E-01   3.0313015E-01   9.2745250E-01
7.9358721E-01   2.6557371E-01   3.0313015E-01   9.2745250E-01
7.9559118E-01   2.6557371E-01   3.0313015E-01   9.2745250E-01
7.9759520E-01   2.6557371E-01   3.0313015E-01   9.2745250E-01
7.9959923E-01   2.6557371E-01   3.0313015E-01   9.2745250E-01
8.0160320E-01   2.6557371E-01   3.0313015E-01   9.2745250E-01
8.0360723E-01   2.6557371E-01   3.0313015E-01   9.2745250E-01
8.0561125E-01   2.6557371E-01   3.0313015E-01   9.2745250E-01
8.0761522E-01   2.6557371E-01   3.0313015E-01   9.2745250E-01
8.0961925E-01   2.6557371E-01   3.0313015E-01   9.2745250E-01
8.1162328E-01   2.6557371E-01   3.0313015E-01   9.2745250E-01
8.1362724E-01   2.6557371E-01   3.0313015E-01   9.2745250E-01
8.1563127E-01   2.6557371E-01   3.0313015E-01   9.2745250E-01
8.1763530E-01   2.6557371E-01   3.0313015E-01   9.2745250E-01
8.1963927E-01   2.6557371E-01   3.0313015E-01   9.2745250E-01
8.2164329E-01   2.6557371E-01   3.0313015E-01   9.2745250E-01
8.2364732E-01   2.6557371E-01   3.0313015E-01   9.2745250E-01
8.2565129E-01   2.6557371E-01   3.0313015E-01   9.2745250E-01
8.2765532E-01   2.6557371E-01   3.0313015E-01   9.2745250E-01
8.2965934E-01   2.6557371E-01   3.0313015E-01   9.2745250E-01
8.3166331E-01   2.6557371E-01   3.0313015E-01   9.2745250E-01
8.3366734E-01   2.6557371E-01   3.0313015E-01   9.2745250E-01
8.3567137E-01   2.6557371E-01   3.0313015E-01   9.2745250E-01
8.3767533E-01   2.6557371E-01   3.0313015E-01   9.2745250E-01
8.3967936E-01   2.6557371E-01   3.0313015E-01   9.2745250E-01
8.4168339E-01   2.6557371E-01   3.0313015E-01   9.2745250E-01
8.4368742E-01   2.6557371E-01   3.0313015E-01   9.2745250E-01
8.4569138E-01   2.6557371E-01   3.0313015E-01   9.2745250E-01
8.4769541E-01   2.6557371E-01   3.0313015E-01   9.2745250E-01
8.4969944E-01   2.6557371E-01   3.0313015E-01   9.2745250E-01
8.5170341E-01   1.2500000E-01   1.0000000E-01   0.0000000E+00
8.5370743E-01   1.2500000E-01   1.0000000E-01   0.0000000E+00
8.5571146E-01   1.2500000E-01   1.0000000E-01   0.0000000E+00
8.5771543E-01   1.2500000E-01   1.0000000E-01   0.0000000E+00
8.5971946E-01   1.2500000E-01   1.0000000E-01   0.0000000E+00
8.6172348E-01   1.2500000E-01   1.0000000E-01   0.0000000E+00
8.6372745E-01   1.2500000E-01   1.0000000E-01   0.0000000E+00
8.6573148E-01   1.2500000E-01   1.0000000E-01   0.0000000E+00
8.6773551E-01   1.2500000E-01   1.0000000E-01   0.0000000E+00
8.6973947E-01   1.2500000E-01   1.0000000E-01   0.0000000E+00
8.7174350E-01   1.2500000E-01   1.0000000E-01   0.0000000E+00
8.7374753E-01   1.2500000E-01   1.0000000E-01   0.0000000E+00
8.7575150E-01   1.2500000E-01   1.0000000E-01   0.0000000E+00
8.7775552E-01   1.2500000E-01   1.0000000E-01   0.0000000E+00
8.7975955E-01   1.2500000E-01   1.0000000E-01   0.0000000E+00
8.8176352E-01   1.2500000E-01   1.0000000E-01   0.0000000E+00
8.8376755E-01   1.2500000E-01   1.0000000E-01   0.0000000E+00
8.8577157E-01   1.2500000E-01   1.0000000E-01   0.0000000E+00
8.8777554E-01   1.2500000E-01   1.0000000E-01   0.0000000E+00
8.8977957E-01   1.2500000E-01   1.0000000E-01   0.0000000E+00
8.9178360E-01   1.2500000E-01   1.0000000E-01   0.0000000E+00
8.9378756E-01   1.2500000E-01   1.0000000E-01   0.0000000E+00
8.9579159E-01   1.2500000E-01   1.0000000E-01   0.0000000E+00
8.9779562E-01   1.2500000E-01   1.0000000E-01   0.0000000E+00
8.9979959E-01   1.2500000E-01   1.0000000E-01   0.0000000E+00
9.0180361E-01   1.2500000E-01   1.0000000E-01   0.0000000E+00
9.0380764E-01   1.2500000E-01   1.0000000E-01   0.0000000E+00
9.0581161E-01   1.2500000E-01   1.0000000E-01   0.0000000E+00
9.0781564E-01   1.2500000E-01   1.0000000E-01   0.0000000E+00
9.0981966E-01   1.2500000E-01   1.0000000E-01   0.0000000E+00
9.1182363E-01   1.2500000E-01   1.0000000E-01   0.0000000E+00
9.1382766E-01   1.2500000E-01   1.0000000E-01   0.0000000E+00
9.1583169E-01   1.2500000E-01   1.0000000E-01   0.0000000E+00
9.1783571E-01   1.2500000E-01   1.0000000E-01   0.0000000E+00
9.1983968E-01   1.2500000E-01   1.0000000E-01   0.0000000E+00
9.2184371E-01   1.2500000E-01   1.0000000E-01   0.0000000E+00
9.2384773E-01   1.2500000E-01   1.0000000E-01   0.0000000E+00
9.2585170E-01   1.2500000E-01   1.0000000E-01   0.0000000E+00
9.2785573E-01   1.2500000E-01   1.0000000E-01   0.0000000E+00
9.2985976E-01   1.2500000E-01   1.0000000E-01   0.0000000E+00
9.3186373E-01   1.2500000E-01   1.0000000E-01   0.0000000E+00
9.3386775E-01   1.2500000E-01   1.0000000E-01   0.0000000E+00
9.3587178E-01   1.2500000E-01   1.0000000E-01   0.0000000E+00
9.3787575E-01   1.2500000E-01   1.0000000E-01   0.0000000E+00
9.3987978E-01   1.2500000E-01   1.0000000E-01   0.0000000E+00
9.4188380E-01   1.2500000E-01   1.0000000E-01   0.0000000E+00
9.4388777E-01   1.2500000E-01   1.0000000E-01   0.0000000E+00
9.4589180E-01   1.2500000E-01   1.0000000E-01   0.0000000E+00
9.4789582E-01   1.2500000E-01   1.0000000E-01   0.0000000E+00
9.4989979E-01   1.2500000E-01   1.0000000E-01   0.0000000E+00
9.5190382E-01   1.2500000E-01   1.0000000E-01   0.0000000E+00
9.5390785E-01   1.2500000E-01   1.0000000E-01   0.0000000E+00
9.5591182E-01   1.2500000E-01   1.0000000E-01   0.0000000E+00
9.5791584E-01   1.2500000E-01   1.0000000E-01   0.0000000E+00
9.5991987E-01   1.2500000E-01   1.0000000E-01   0.0000000E+00
9.6192384E-01   1.2500000E-01   1.0000000E-01   0.0000000E+00
9.6392787E-01   1.2500000E-01   1.0000000E-01   0.0000000E+00
9.6593189E-01   1.2500000E-01   1.0000000E-01   0.0000000E+00
9.6793586E-01   1.2500000E-01   1.0000000E-01   0.0000000E+00
9.6993989E-01   1.2500000E-01   1.0000000E-01   0.0000000E+00
9.7194391E-01   1.2500000E-01   1.0000000E-01   0.0000000E+00
9.7394788E-01   1.2500000E-01   1.0000000E-01   0.0000000E+00
9.7595191E-01   1.2500000E-01   1.0000000E-01   0.0000000E+00
9.7795594E-01   1.2500000E-01   1.0000000E-01   0.0000000E+00
9.7995991E-01   1.2500000E-01   1.0000000E-01   0.0000000E+00
9.8196393E-01   1.2500000E-01   1.0000000E-01   0.0000000E+00
9.8396796E-01   1.2500000E-01   1.0000000E-01   0.0000000E+00
9.8597193E-01   1.2500000E-01   1.0000000E-01   0.0000000E+00
9.8797596E-01   1.2500000E-01   1.0000000E-01   0.0000000E+00
9.8997998E-01   1.2500000E-01   1.0000000E-01   0.0000000E+00
9.9198401E-01   1.2500000E-01   1.0000000E-01   0.0000000E+00
9.9398798E-01   1.2500000E-01   1.0000000E-01   0.0000000E+00
9.9599200E-01   1.2500000E-01   1.0000000E-01   0.0000000E+00
9.9799603E-01   1.2500000E-01   1.0000000E-01   0.0000000E+00
1.0000000E+00   1.2500000E-01   1.0000000E-01   0.0000000E+00